9 28
0 4  0 0  0  0  0 8  0
4 0  8 0  0  0  0 11 0
0 8  0 7  0  4  0 0  2
0 0  7 0  9  14 0 0  0
0 0  0 9  0  10 0 0  0
0 0  4 14 10 0  2 0  0
0 0  0 0  0  2  0 1  6
8 11 0 0  0  0  1 0  7
0 0  2 0  0  0  6 7  0
0
1 2


8 22
0  4 0  13 0 0  0  0
4  0 2  3  0 0  0  0
0  2 0  0  0 16 0  0
13 3 0  0  5 0  4  0
0  0 0  5  0 2  0  0
0  0 16 0  2 0  5  4
0  0 0  4  0 5  0  16
0  0 0  0  0 4  16 0

8
999
0 4 999 13 999 999 999 999
4 0 2 3 999 999 999 999
999 2 0 999 999 16 999 999
13 3 999 0 5 999 4 999
999 999 999 5 0 2 999 999
999 999 16 999 2 0 5 4
999 999 999 4 999 5 0 16
999 999 999 999 999 4 16 0


